// Old Roman Variant

// circle points
(50, 95), (72, 88)
(72, 88), (88, 72)
(88, 72), (94, 50)
(94, 50), (88, 27)
(88, 27), (72, 11)
(72, 11), (50, 5)
(50, 5), (27, 10)
(27, 10), (11, 27)
(11, 27), (5, 49)
(5, 49), (10, 72)
(10, 72), (27, 88)
(27, 88), (50, 95)
// diagonals
(50, 95), (50, 50)
(72, 88), (50, 50)
(88, 72), (50, 50)
(94, 50), (50, 50)
(88, 27), (50, 50)
(72, 11), (50, 50)
(50, 5), (50, 50)
(27, 10), (50, 50)
(11, 27), (50, 50)
(5, 49), (50, 50)
(10, 72), (50, 50)
(27, 88), (50, 50)

