// Old roman variant of Muehle

// circle points
(45, 90), (67, 83)
(67, 83), (83, 67)
(83, 67), (89, 45)
(89, 45), (83, 22)
(83, 22), (67, 6)
(67, 6), (45, 0)
(45, 0), (22, 5)
(22, 5), (6, 22)
(6, 22), (0, 44)
(0, 44), (5, 67)
(5, 67), (22, 83)
(22, 83), (45, 90)
// diagonals
(45, 90), (45, 45)
(67, 83), (45, 45)
(83, 67), (45, 45)
(89, 45), (45, 45)
(83, 22), (45, 45)
(67, 6), (45, 45)
(45, 0), (45, 45)
(22, 5), (45, 45)
(6, 22), (45, 45)
(0, 44), (45, 45)
(5, 67), (45, 45)
(22, 83), (45, 45)
